ALA	36	PHE	18	4.18712910184711	0.54936867814876	6.915383
PRO	25	PRO	129	5.51874332183445	0.581897033818184	7.858587
LEU	37	VAL	120	5.52495437084251	0.593850267650129	7.263509
PRO	20	TYR	132	5.52884460727963	0.608460215717596	8.579709
ALA	137	PRO	134	5.58483140749524	0.610577312803716	4.291136
THR	33	ARG	127	5.66998484934430	0.614709396720909	9.388296
ASN	136	PRO	135	5.71472411706531	0.635014159636195	3.828034
PHE	23	TYR	132	5.71884474879876	0.65175876875703	6.259263
ASP	29	ARG	127	5.78901823568560	0.668215434700366	7.676409
ARG	39	GLU	14	5.88489656602858	0.685485899362053	9.893467
ILE	139	PRO	134	5.88655472683682	0.702788706423598	6.668046
THR	33	PHE	18	5.94286763466495	0.73198366924965	7.527092
LEU	37	LEU	15	5.99393640763343	0.743128747841724	6.557977
ASN	136	PRO	134	6.10028726198657	0.754407771716931	5.801020
THR	109	VAL	120	6.13001164267520	0.768124744178809	9.265208
ALA	36	GLU	14	6.29135488452440	0.784255743749238	5.186238
LEU	37	GLY	123	6.30383182330542	0.78933052680784	10.318232
PRO	25	THR	128	6.36055534637063	0.79674762697415	6.486347
PHE	110	VAL	124	6.38349115296469	0.798739995160199	12.177847
ASP	32	PHE	18	6.41839304043168	0.80135561535625	8.253497
