ALA	36	PHE	18	3.56812517276462	0.217660693682597	5.543661
ASP	29	ARG	127	4.20375211356735	0.412758950459674	6.394977
LEU	37	VAL	120	4.98748415067325	0.430321600241875	6.749472
PHE	23	TYR	132	5.06508982684213	0.450874251511194	7.309808
ASP	32	ARG	127	5.17047010479163	0.471573617074384	9.313840
ILE	139	PRO	134	5.19684939449397	0.484766899575828	6.011707
PRO	25	PRO	129	5.26166996154525	0.485194280490085	7.217114
ARG	39	GLU	14	5.27473183615245	0.494052551624013	8.923208
ALA	35	GLU	14	5.30761355697369	0.4992336861619	7.051640
ALA	137	TYR	132	5.43011721713856	0.520797043468694	6.327112
ALA	36	LEU	15	5.50397794856241	0.534999031587882	5.103241
THR	33	PHE	18	5.61883775644150	0.535579935651998	7.178546
PRO	25	THR	128	5.69588499528665	0.542052733807114	6.548224
THR	33	VAL	124	5.77653581902942	0.545631947402436	7.994615
ASP	32	PHE	18	5.98799339322962	0.557711518752325	6.483879
PRO	20	TYR	132	6.20708800918608	0.559329936797285	11.934760
ARG	39	THR	12	6.23840051445237	0.560058128526166	10.282895
ALA	36	GLY	123	6.45386553222327	0.562962704958899	9.458385
LEU	37	VAL	124	6.46564316554478	0.564728963190712	10.295920
LEU	37	PHE	18	6.61790015674516	0.567778907473768	8.581121
