ALA	36	LEU	15	4.98527813624632	0.404851739688779	5.598710
ALA	36	GLU	14	5.51393227673798	0.519114717736498	4.067285
PRO	25	THR	128	5.62300084764754	0.568821049639314	4.705780
PHE	23	TYR	132	5.95510083956593	0.592855557941011	4.828030
ALA	137	PRO	134	6.06863170306000	0.616764469830923	6.540941
PRO	25	ARG	127	6.39676663624885	0.621745258083383	4.451318
ASP	29	ARG	127	6.74013008329408	0.644727229751946	6.568397
PHE	23	PRO	129	6.84482746631564	0.647844445733156	5.826001
PRO	25	PRO	129	6.86282640382344	0.656829504250616	6.869837
LEU	37	LEU	15	6.88376158437360	0.658663826466151	7.000653
PHE	23	THR	128	7.13446420879657	0.678717619425082	5.614009
ALA	36	PHE	18	7.13581605798391	0.688734892771251	7.632321
SER	141	SER	121	7.14771630173404	0.698373266485074	6.330603
ASN	136	PRO	135	7.33210351019406	0.714020971204828	8.891367
ASP	22	PRO	129	7.42258767758250	0.718623991949448	5.901943
ILE	139	PRO	134	7.46004137842030	0.719901705750683	8.256552
ASP	32	PHE	18	7.48177376993156	0.736240314534353	7.268927
ASN	136	PRO	134	7.54914786578799	0.736680783960384	8.058291
LEU	37	VAL	120	7.58317956458117	0.750432031837668	8.969065
ALA	137	PRO	135	7.61504959041548	0.750705157447222	8.942442
