ILE	139	PRO	134	4.94746800357157	0.498762815080921	5.112161
ALA	137	PRO	134	5.21758061317028	0.578456166012085	3.782346
PRO	20	TYR	132	5.23073104285025	0.618229394683146	7.690387
LEU	37	VAL	120	5.27656685032329	0.685646721358303	7.430297
ALA	36	LEU	15	5.46120479885978	0.699003108962352	4.919683
SER	141	SER	121	5.50971986754154	0.715772044265523	4.118393
ASP	29	ARG	127	5.55982041416142	0.744918057921849	7.699479
ALA	36	THR	12	5.72606999502095	0.762018321912062	4.839482
PHE	23	TYR	132	5.98807922950663	0.792806561000626	6.394724
ALA	36	GLU	14	6.08584762658963	0.829591386919465	5.447393
ASN	136	PRO	134	6.09746223159566	0.832093867750998	4.858563
ILE	126	TYR	132	6.11370535668413	0.875479904824818	7.518656
THR	33	ARG	127	6.22765121579557	0.876100509474034	8.937111
ALA	35	GLU	14	6.25783501260125	0.883447619911364	6.579025
ASP	32	GLU	14	6.33355346435969	0.90608892585771	5.511267
PRO	25	ARG	127	6.39850980363440	0.911288021973345	4.905108
ASN	136	PRO	135	6.52112189858873	0.912054956766895	5.440885
PHE	122	TYR	132	6.52185675370312	0.921012174254768	6.899661
PHE	23	THR	128	6.61919661050012	0.950681550946422	5.963336
THR	142	SER	121	6.73541418840862	0.963881512597788	5.929596
